0.000000 0.144740 0.143119
0.003333 0.150175 0.151868
0.006667 0.187538 0.161071
0.010000 0.182727 0.170748
0.013333 0.198306 0.180915
0.016667 0.166514 0.191593
0.020000 0.153592 0.202800
0.023333 0.199140 0.214556
0.026667 0.224976 0.226881
0.030000 0.259968 0.239794
0.033333 0.251583 0.253316
0.036667 0.231539 0.267468
0.040000 0.261925 0.282270
0.043333 0.301355 0.297743
0.046667 0.337885 0.313909
0.050000 0.310625 0.330787
0.053333 0.323969 0.348400
0.056667 0.364452 0.366768
0.060000 0.357441 0.385912
0.063333 0.369453 0.405854
0.066667 0.449216 0.426614
0.070000 0.428265 0.448213
0.073333 0.453257 0.470672
0.076667 0.444885 0.494011
0.080000 0.483709 0.518248
0.083333 0.541985 0.543405
0.086667 0.566869 0.569500
0.090000 0.546535 0.596551
0.093333 0.609591 0.624577
0.096667 0.742584 0.653594
0.100000 0.662704 0.683619
0.103333 0.688817 0.714668
0.106667 0.728637 0.746756
0.110000 0.575258 0.779897
0.113333 0.851634 0.814103
0.116667 0.836833 0.849388
0.120000 0.855849 0.885761
0.123333 0.977761 0.923233
0.126667 1.100373 0.961811
0.130000 0.950678 1.001504
0.133333 1.151402 1.042316
0.136667 1.262862 1.084253
0.140000 1.031763 1.127316
0.143333 1.083758 1.171506
0.146667 1.449851 1.216824
0.150000 1.134178 1.263266
0.153333 1.517974 1.310829
0.156667 1.526808 1.359507
0.160000 1.338004 1.409292
0.163333 1.396324 1.460173
0.166667 1.678099 1.512139
0.170000 1.500976 1.565177
0.173333 1.588938 1.619269
0.176667 1.782309 1.674398
0.180000 1.797633 1.730544
0.183333 1.776733 1.787683
0.186667 2.065100 1.845791
0.190000 1.879155 1.904840
0.193333 2.080794 1.964801
0.196667 1.680853 2.025642
0.200000 2.006767 2.087329
0.203333 2.188086 2.149825
0.206667 2.161557 2.213092
0.210000 2.120413 2.277088
0.213333 1.986882 2.341770
0.216667 2.775808 2.407093
0.220000 2.535520 2.473007
0.223333 2.879992 2.539464
0.226667 2.740602 2.606411
0.230000 2.475784 2.673792
0.233333 3.052169 2.741552
0.236667 2.533559 2.809632
0.240000 3.049861 2.877971
0.243333 2.665101 2.946507
0.246667 2.939940 3.015176
0.250000 3.486398 3.083911
0.253333 3.223344 3.152645
0.256667 4.224745 3.221310
0.260000 3.817043 3.289833
0.263333 3.881333 3.358144
0.266667 3.593010 3.426170
0.270000 3.073854 3.493836
0.273333 3.615756 3.561067
0.276667 3.728165 3.627788
0.280000 2.778607 3.693922
0.283333 3.468123 3.759392
0.286667 2.945946 3.824121
0.290000 3.438514 3.888030
0.293333 3.703466 3.951042
0.296667 3.621404 4.013080
0.300000 4.077512 4.074066
0.303333 3.902007 4.133923
0.306667 3.432158 4.192574
0.310000 3.781624 4.249943
0.313333 4.232874 4.305956
0.316667 4.780217 4.360539
0.320000 5.151411 4.413618
0.323333 4.436998 4.465123
0.326667 4.517193 4.514984
0.330000 5.057361 4.563132
0.333333 4.788452 4.609501
0.336667 4.358232 4.654027
0.340000 4.829449 4.696647
0.343333 5.594837 4.737301
0.346667 5.702746 4.775932
0.350000 4.554282 4.812485
0.353333 4.409222 4.846907
0.356667 4.181461 4.879148
0.360000 4.155267 4.909163
0.363333 4.667221 4.936907
0.366667 5.600651 4.962340
0.370000 4.248343 4.985424
0.373333 4.405685 5.006127
0.376667 4.868849 5.024416
0.380000 5.045381 5.040266
0.383333 6.129506 5.053652
0.386667 5.155442 5.064555
0.390000 5.174195 5.072959
0.393333 4.634867 5.078850
0.396667 5.861943 5.082222
0.400000 4.818297 5.083067
0.403333 5.949617 5.081385
0.406667 5.198653 5.077179
0.410000 4.489291 5.070455
0.413333 5.122715 5.061223
0.416667 4.802269 5.049496
0.420000 5.405377 5.035292
0.423333 5.589816 5.018632
0.426667 5.312529 4.999541
0.430000 4.707068 4.978047
0.433333 5.157436 4.954181
0.436667 4.544941 4.927979
0.440000 4.566986 4.899479
0.443333 5.162114 4.868722
0.446667 4.855744 4.835754
0.450000 4.514538 4.800621
0.453333 4.923288 4.763375
0.456667 4.438013 4.724068
0.460000 4.634496 4.682756
0.463333 4.804487 4.639499
0.466667 5.810055 4.594356
0.470000 4.187444 4.547391
0.473333 4.150621 4.498669
0.476667 5.162506 4.448256
0.480000 4.993647 4.396222
0.483333 4.431495 4.342637
0.486667 4.198300 4.287573
0.490000 4.102775 4.231103
0.493333 3.124734 4.173301
0.496667 3.671961 4.114243
0.500000 3.996089 4.054004
0.503333 3.927456 3.992661
0.506667 3.830929 3.930292
0.510000 3.865829 3.866974
0.513333 4.019475 3.802785
0.516667 3.446019 3.737803
0.520000 3.609759 3.672105
0.523333 3.509502 3.605768
0.526667 3.504953 3.538870
0.530000 3.902737 3.471486
0.533333 2.909967 3.403693
0.536667 3.621438 3.335565
0.540000 2.890116 3.267175
0.543333 3.360706 3.198597
0.546667 3.199701 3.129902
0.550000 3.118614 3.061160
0.553333 3.177080 2.992439
0.556667 2.832428 2.923807
0.560000 2.883427 2.855329
0.563333 3.037948 2.787069
0.566667 2.578181 2.719088
0.570000 2.447845 2.651447
0.573333 2.225723 2.584203
0.576667 2.735872 2.517413
0.580000 2.350880 2.451130
0.583333 2.142403 2.385406
0.586667 2.595475 2.320290
0.590000 1.866525 2.255830
0.593333 2.432455 2.192070
0.596667 2.127446 2.129054
0.600000 2.137485 2.066822
0.603333 2.438726 2.005411
0.606667 2.211935 1.944857
0.610000 1.835011 1.885195
0.613333 1.724299 1.826454
0.616667 1.511926 1.768664
0.620000 1.571834 1.711851
0.623333 1.637167 1.656040
0.626667 1.461965 1.601252
0.630000 1.735556 1.547506
0.633333 1.459583 1.494822
0.636667 1.366562 1.443213
0.640000 1.282173 1.392693
0.643333 1.411092 1.343274
0.646667 1.558923 1.294964
0.650000 1.356621 1.247772
0.653333 1.162824 1.201701
0.656667 1.195488 1.156756
0.660000 1.092307 1.112939
0.663333 1.031518 1.070249
0.666667 1.036424 1.028685
0.670000 1.043500 0.988244
0.673333 0.957637 0.948921
0.676667 0.899992 0.910709
0.680000 0.836095 0.873602
0.683333 0.716329 0.837590
0.686667 0.857745 0.802664
0.690000 0.824461 0.768811
0.693333 0.613692 0.736020
0.696667 0.657413 0.704278
0.700000 0.626926 0.673569
0.703333 0.695800 0.643880
0.706667 0.698944 0.615193
0.710000 0.636463 0.587492
0.713333 0.622633 0.560759
0.716667 0.502814 0.534977
0.720000 0.546860 0.510126
0.723333 0.530834 0.486188
0.726667 0.502923 0.463143
0.730000 0.431661 0.440971
0.733333 0.435911 0.419652
0.736667 0.442781 0.399165
0.740000 0.326018 0.379489
0.743333 0.425055 0.360604
0.746667 0.295497 0.342488
0.750000 0.287208 0.325121
0.753333 0.305189 0.308481
0.756667 0.239407 0.292547
0.760000 0.277233 0.277298
0.763333 0.199351 0.262714
0.766667 0.260328 0.248772
0.770000 0.233084 0.235454
0.773333 0.233193 0.222738
0.776667 0.211354 0.210603
0.780000 0.205024 0.199031
0.783333 0.178540 0.188002
0.786667 0.177964 0.177495
0.790000 0.180548 0.167492
0.793333 0.162913 0.157974
0.796667 0.158442 0.148923
0.800000 0.133353 0.140321
0.803333 0.134326 0.132150
0.806667 0.142179 0.124393
0.810000 0.087251 0.117033
0.813333 0.098370 0.110054
0.816667 0.088326 0.103439
0.820000 0.109808 0.097174
0.823333 0.087401 0.091243
0.826667 0.084385 0.085631
0.830000 0.076694 0.080325
0.833333 0.097672 0.075309
0.836667 0.058290 0.070572
0.840000 0.070318 0.066100
0.843333 0.060792 0.061881
0.846667 0.065116 0.057902
0.850000 0.064967 0.054152
0.853333 0.045525 0.050620
0.856667 0.044397 0.047294
0.860000 0.050666 0.044166
0.863333 0.041827 0.041223
0.866667 0.034796 0.038458
0.870000 0.040976 0.035860
0.873333 0.033085 0.033421
0.876667 0.030870 0.031132
0.880000 0.028936 0.028986
0.883333 0.027241 0.026974
0.886667 0.026729 0.025090
0.890000 0.024505 0.023325
0.893333 0.021170 0.021674
0.896667 0.019651 0.020130
0.900000 0.021999 0.018686
0.903333 0.015906 0.017338
0.906667 0.017319 0.016078
0.910000 0.015409 0.014903
0.913333 0.016053 0.013807
0.916667 0.012920 0.012785
0.920000 0.012138 0.011833
0.923333 0.010443 0.010946
0.926667 0.011115 0.010121
0.930000 0.009081 0.009353
0.933333 0.009475 0.008639
0.936667 0.008763 0.007976
0.940000 0.006961 0.007360
0.943333 0.008458 0.006788
0.946667 0.006743 0.006258
0.950000 0.006651 0.005766
0.953333 0.005855 0.005310
0.956667 0.005147 0.004887
0.960000 0.005252 0.004497
0.963333 0.005041 0.004135
0.966667 0.004131 0.003800
0.970000 0.003614 0.003491
0.973333 0.003395 0.003206
0.976667 0.002901 0.002942
0.980000 0.003065 0.002698
0.983333 0.002479 0.002474
0.986667 0.002587 0.002267
0.990000 0.002047 0.002076
0.993333 0.001797 0.001901
0.996667 0.001661 0.001739
